-1.06501659999999
-1.08576364200001
-0.892385539999988
-1.38231812100000
4.00521652399999
1.61830694900000
3.16993451599999
4.87281256200001
-2.71532633800000
1.75957528000000
-2.03017081700000
2.77464570499998
-2.06855690999998
3.34095523199998
0.115325304000006
0.0195214110000070
3.77173900300000
1.66139331700000
-0.218350253000009
0.773300709000003
2.71895589800000
0.845794801000007
2.84414127699998
-0.491222384999993
3.58866332200001
-0.274312394999994
1.92069427399999
-0.0792332310000035
0.786140629999987
-0.193161516000000
0.873640464000020
-0.356399100000011
4.26730499700000
3.87941640100001
2.90905240600000
-1.84702066200002
-0.627780241999997
-1.93779287700000
3.02890552800000
1.09189843400002
-1.36560434500001
-1.59262472900000
1.02506647300000
-1.07206405600000
1.29605795100000
2.31800494000001
-0.986766273000003
1.70178621500000
2.30489971600001
2.83902227100000
1.13291405799999
-1.18308755100000
4.93699635800000
-1.14651810900000
2.10355227300000
2.14791041700001
-1.59053023500001
1.92637128000000
-1.85149874800000
2.21613508600000
4.39551644300000
2.06587907700000
4.05242247800000
-2.47704914500000
2.90417618800000
3.66077166000000
-1.62597388000000
0.521804343000002
-0.157397338999998
1.92914333400000
2.34884083100000
0.245147926000000
-0.820589532000001
0.223600741999999
2.46729894600000
2.66811104699999
1.99530510300000
2.17698331900000
1.62308177600000
1.20094751700000
5.31436203400000
-0.619570057999997
-1.16936626400000
2.48772634400000
-3.22376373100000
0.910974693000001
2.59816931500000
-0.604466374999999
1.05971231900000
1.21233510200000
4.39052274900000
3.47120102500000
-2.32027333300000
0.537709407999999
4.27915690400000
0.825526619999999
-1.46681047900000
1.44413829000000
-1.15729044000000
3.36353657100000
0.113972371000000
0.572510380000000
1.13907065100000
3.82960508800000
0.256345731000001
2.37138932000000
0.514501384000000
-0.536915398000001
0.127112201000001
3.69642286900000
4.39945129800000
1.93254593800000
-0.744831546999999
1.58972756200000
0.278052794999999
-0.191386105000001
0.462705219000001
2.01750075000000
-3.31917469400000
0.268128803999999
-1.74311874600000
0.574176523000003
3.90771602700000
1.38582099400000
3.41252291400000
1.95737277600000
0.381688216999997
1.57905162200000
-0.449509356000001
5.37034143500000
4.50947162000000
2.00282969900000
-0.250086194000002
6.22963621400000
0.235438784000003
1.67400049900000
0.0868208199999971
1.10407481800000
-3.80407772500000
0.319608484999997
-1.30205381200000
0.746746824999998
-1.65587200600000
-0.145212570999997
-5.31720608500000
2.12312309700000
3.52574210200000
4.96085797400000
2.09719383000000
1.55473899100000
0.604418755000001
4.54819140300000
-0.248095763999999
4.16643678600000
3.78226821000000
4.22787505300000
-1.57730240500000
6.53181928300000
-0.0637247420000011
1.33981345100000
1.22560906200000
-0.457609730000003
-1.51898343100000
0.293865360000003
-1.05726987900000
3.47524732800000
-0.222268762000005
-0.332026409999999
0.158985121000000
-0.932783107999995
3.40925589700000
-1.80426327400000
2.25407291400000
-2.17770280600000
0.164729111999994
4.19745814300001
1.54406537200000
3.01723777300000
2.52543996899999
-2.15023457300000
3.22401320400001
0.104270147999989
0.590354854000005
2.27570877700000
0.694511500000004
1.60979998300000
2.19791968800001
-0.311738901000011
0.907612762000000
1.77706666500000
4.93213553000001
-0.735670235999999
0.438336681999998
4.69745193200000
-0.327691684000000
-1.93263834900000
1.06783632900001
2.05255740499999
2.22471860000001
0.928353509000002
4.91735056900000
-1.46400626500000
2.49382972100000
1.30464514800001
-0.178594397000005
1.52074988700000
1.50044235300000
0.859407654000003
1.55220545500000
0.196070140000000
1.62676627700000
-2.14408148200000
-0.455493556000006
3.66395580800000
1.52530110800001
0.0745671150000018
1.36367598199999
0.280533503999999
-1.74542888300000
-0.503604672999997
1.19187342100001
-2.28052484200001
3.10449202400001
3.78260141100000
0.479582581000003
1.84164345800000
-0.270625629000002
-0.130496453000000
0.480654025000001
2.86504840300000
1.11099191000001
4.27277742600000
1.71335165600000
-1.58251060800000
0.522338440000005
2.57073735200000
0.743784863999998
-0.173930889000004
5.03389696000001
-3.57520328800000
1.99958627400000
-1.12154720000000
-2.96468019200000
-1.94104276500001
-0.736082505999994
-2.14111140900000
0.550107161000003
0.534373142999998
2.32963476499999
0.805119779000007
0.704291321999999
1.06232069300000
1.80053797300000
-2.15758635900000
4.48676006300000
-5.13140419900000
0.731292419999997
3.76889562900000
3.02801640700001
0.956981563999998
-1.83394468500000
1.86327989600000
3.22712345000000
4.56411962000001
-0.490078705000011
2.00490486900000
2.71759082800000
1.94032141000000
-2.83713131800000
1.14608249300001
1.90552078799999
2.61819988200000
-0.671474560999999
1.62734682300001
1.48316197100000
0.950499817999991
-1.68107404500000
2.20822114600001
-1.62974472500000
-4.33549507800001
1.12929920300000
0.936505241000004
-0.0285228769999975
1.12943095300000
0.945812033999999
0.736701494999999
-0.308844438999997
-1.20046250400000
-1.18696250600001
-3.54205324599999
-1.77706370200001
1.45875718100000
1.62317656500000
1.12734218500000
0.967195769999995
1.05756646000001
3.45404016899999
-0.459450785999982
1.21989356399999
1.19403679400001
0.501342125000003
2.12552620199999
3.11613717099999
-1.92973750200000
3.11616029500001
-0.223352667999999
2.10894715300000
0.923031997999989
2.20348113200000
-2.01075827500001
1.13533145800000
4.09388302700001
-1.91710267700000
2.14916063800001
-0.480968070000017
-0.557554227999988
3.21336346899999
1.89305947800002
-0.803119913000017
3.85523469100001
-1.28365321399999
4.85444050999999
-1.26176678600000
2.70416649900000
1.46102349900000
0.803969461000003
-0.581330625000008
3.61417097800000
-1.50139744099999
3.58146289200000
0.559662748999994
-1.38271786400000
1.57777702800000
3.11212104400000
1.60311668900000
1.85511903500000
1.78926336600000
1.97003971300000
0.610484614000003
3.62279297899999
-0.112844114999994
-1.10065970700000
0.885162530000005
-2.51493800100000
1.76499704700000
0.178830170999994
1.35092136000000
1.27450253700000
4.82781459800000
2.21660942400000
1.34453868700000
0.304711909999997
5.05088820000000
0.149890559000006
-1.88892243400001
0.956396952000000
1.91579374500000
-0.606863979000003
3.26973845300000
3.56673805900000
-0.801131377000009
-2.33145007900000
-0.939447189999999
4.07682631800000
2.02718250100000
2.04247701100000
-0.290195611999993
0.552371522999992
2.46841758500000
1.68208181200001
-2.10729030400001
0.264583204000003
0.854011931000007
1.91773776699999
4.27785866900000
-0.908924663999998
0.938800958999999
-0.634554253000004
4.12728960900001
-2.04779118900000
-2.24888492400001
0.560225702000005
0.391349450000002
-2.72289171000001
2.38820304700001
3.30437339900000
0.510535265000003
3.18894728100000
1.57437824800000
1.31242919500001
2.93273513100000
1.86928781700000
1.64911017700000
3.30811362600000
4.77164645000000
2.08190309800000
2.09465575900000
-1.16389774300000
0.419720605000003
-2.23621787700000
-0.435911613000002
-0.0958158649999961
1.04239231900000
2.44399629500000
-0.563812929999998
0.518447622999997
-3.32908214600000
5.49573285000000
1.49188487300000
1.93702313100000
5.75781220500000
4.12892173400000
0.532086674000003
1.97824678400000
4.29869479000000
3.24745534800000
1.03227187400000
2.34446301500000
1.80837893100001
-2.05296095500001
3.40047706300001
1.04411844700000
-0.895779497000006
3.77303766800001
5.74551915899999
-0.319316465999999
-0.708535101999993
5.71287673500000
2.06964057500000
1.00582823200000
-1.05807521100000
-0.729841712000005
2.29498884800000
0.815822490000003
-1.47644173300001
-2.00438264900000
-0.675617962999996
1.62186250500000
0.570231581000002
2.07124624400000
-0.583455800000001
0.354230095999995
0.666296407000004
0.0842983649999932
-3.64089537900000
-0.734445664999999
5.47425747000001
-0.725864542000003
-1.85696202300001
1.86869259200000
4.24965763600000
3.45756886900000
-0.627249829000004
1.24854076300001
-3.17701332400000
0.827219358000005
0.458760741999994
3.99055199300000
-0.420795886000005
3.07036808600000
0.596134517999998
1.88184843200001
0.737394142999997
-1.11823600100000
-2.49341673000001
2.50571929400001
1.14759908900000
-2.49669436400000
2.46270960000000
3.40611175100000
1.50897885600000
2.38309878900000
-1.12637059500000
1.45806395300000
2.50513250400000
1.12602120100000
-0.859735252999998
1.71206990800000
-0.0789174660000040
0.388885598000000
-2.10294054599999
-0.751980820000010
1.61009706100000
2.33056813800000
0.441270635000003
-1.09550236700000
0.253616806000001
-0.803194022999997
-1.36199323000001
1.74695845100001
-1.39998594400000
0.911396836999994
1.90651256800000
0.984276264000005
-2.78697844000000
1.17952921900000
1.83647472500000
1.37375490900000
2.32446507300000
2.05567772000000
2.18449430300000
4.52451612600000
-1.79213555100000
2.03484110400000
-1.89071770300000
-0.310612292999994
4.33940612499999
2.41060494500000
0.806801356000003
1.38129843500000
1.09269193300000
-0.842107172000002
-1.40098037100000
-0.684335856999996
1.64425426600000
0.104326466000006
-0.649176143000002
-0.376867499000009
1.91129848600001
0.610250394000002
1.53632493299999
0.497805107000004
-0.503544957999997
4.15504370500000
4.94855330200000
-0.103799007999997
-0.988242735000003
2.32604270000000
-1.66110973600000
-2.56436499600000
3.10693090500000
0.272780185000004
0.800229553999997
-2.89213036000000
-1.01229243500001
-0.0956264489999982
-1.01892038800000
-0.893906735999995
1.97961195199999
1.84584101200000
1.57727705600001
0.312642185999992
0.924107394000010
-0.122772805000002
1.99513595199999
2.94319472200000
-2.01873897300000
0.286076043999996
-0.0753067109999949
2.70355760300001
-1.60459037500001
-0.358801722999997
-3.23361375900000
-0.646069730999997
-1.24222712600000
0.540167531999993
-2.60934132500000
-0.335009450999996
-0.493857884000003
-0.0914470949999919
0.986373801999999
-1.31992811500000
0.283994856000002
0.386019954999995
0.352511676000005
-1.55076306300000
-0.814614512999992
2.62266986299999
-1.63051403599999
3.79359601100000
4.88163249300000
3.42667185600001
2.54555010700000
-1.18756494000001
4.73074769000000
1.66394030500000
1.84233221800000
2.66485918600000
2.79072342100000
-3.67256004400000
1.06248166900000
-0.420004565999998
0.120247532000002
-1.80113748200000
1.80957926800000
0.684818403000000
2.43937582500000
1.02237752900000
-1.53096341200000
4.34495277700000
4.83151304900000
2.91927513100000
0.737504064000001
-1.99263312200000
-0.203726202000000
-3.46530862000000
1.26270117900000
0.552459924999999
-0.296486018000000
-1.21965120800000
-3.89589075400000
3.21112798200000
2.67989199400000
0.542207498999999
1.61852535300000
0.457559397999997
2.24047874500000
-0.993111268000000
-0.550167611999999
5.96319070600000
-0.642724255999998
0.801089422999996
4.24172907400000
1.08319025500000
-1.09484571400000
-0.632360790999999
2.96014819100000
-1.72235921600000
-2.93018453900000
-0.842028004000002
1.21246824500000
4.49025240900000
3.04369913000000
-0.744328259000002
0.339321660000000
0.983190453000003
-0.102990896000004
0.554782851000004
1.15682834500000
0.896492659999995
1.40129622600000
3.50865572900001
3.55504972700000
2.23659493900000
-2.90364099700000
-2.48814793900000
-1.10280088400000
-0.793122866000001
0.244735107000001
3.78742520800000
0.00797348099999912
2.33491532800000
2.93824583100000
-2.64620907800000
4.29060161200000
-1.41190774100000
1.39268415600000
1.42753532600000
1.27062461600000
5.76388345600000
-0.425873401000000
5.24660303200000
-3.31459731800000
-0.488439670999999
0.205793276999999
2.63675906700000
4.66089325400000
-0.675894679000000
1.03993829300000
3.75365332100000
-0.536508169000000
2.84405947700000
-0.783958310000000
-0.476591290000001
-0.523612658000001
-0.791865853000000
-0.0433538359999992
2.22463733100000
2.13092594400000
5.04761436000000
-1.74631854900000
3.86610876500000
4.17211294200000
3.34268373800000
-1.61047290900000
-0.776134747000000
2.83347937400000
0.508923232000000
1.34076248700000
2.04095828900000
0.107250679000000
0.00406840000000008
1.82272090200000
1.39995982800000
-1.23938093000000
3.07357803200000
0.439596982000000
4.68703384200000
-2.95113162600000
3.22371578400000
1.85415506300000
2.37153516700000
1.03160208300000
-0.683416655000000
1.65116310400000
2.10248970000000
1.97119588200000
2.37377205700000
0.748290448000000
2.65712067700000
3.41720619300000
1.40664046700000
-0.913238221000000
0.367199402000001
-1.48028958700000
-1.73667879300000
0.772929125000000
2.22372653700000
0.481131392000000
-0.431752941000001
-0.627881961000000
3.53689237600000
1.91745402200000
-2.08683872000000
-2.90309052100000
2.95236662300000
5.01074324100000
2.51802879100000
-0.803733429999999
0.460541101999999
0.807189046999999
1.09891348000000
2.19777231900000
1.83500243400000
0.792628720000001
2.13481898700000
2.86719216200000
3.73159171300000
-3.53310321900000
0.965253818000000
2.12593219900000
0.152189994000001
1.67674543200000
-0.0310857620000004
4.23555070000000
2.51225934400000
1.12103150100000
0.269018229999999
0.671843528000000
-3.96502374100000
2.02107908100000
2.30872947900000
-0.536017371000000
5.61033730900000
3.76992114200000
0.515046907000000
0.636568835000005
4.61183850500000
1.98052010600000
2.81694050200000
3.75905848900000
1.30459625800000
0.341000336000003
2.10155323100000
2.12157738500000
-1.83920308200000
0.800891758999997
-0.893209916999996
2.91996201800000
3.19424572800000
0.810939950999996
2.84466943900000
4.37439730200000
2.57462804200000
1.85888026300000
0.650376245000000
2.02830906500000
1.43992584000000
0.0650385099999991
0.592405131999999
0.881084049000001
1.14774783600000
3.52488092800000
2.51497468200000
2.47666134800000
0.655045277999999
-0.982806462000004
2.16100551700000
-3.05882857900000
3.12169747000000
-0.0785682449999963
0.174923744999997
-1.77270124600000
1.77046667300000
-2.84305766700000
-1.70128778100000
1.71311236700000
3.09829353000000
1.70811730600000
1.23054614100000
1.52262040000000
1.80771614800000
-1.01690161200000
2.11282101200000
1.04391640900000
3.69980940100000
0.675893223000001
2.23637134600000
-0.0690070169999983
0.758598164999996
2.42702965200000
0.869607591999999
2.58873988300000
-0.0600777489999986
-2.87233754200000
0.484745548000000
1.98872224000000
1.30748834800000
2.06782924100000
7.64894918300000
0.0734082829999996
3.10369357800000
2.66336495300000
-4.05468300500000
5.95962772500000
1.50624457900000
4.19909964800000
0.494891519000002
2.48070286000000
1.21699860100000
0.941588123000001
-0.0433813099999991
3.54774045400000
-0.760928656999997
3.64043908600000
3.94515744300000
3.13670940100000
4.84345871800000
-0.190370048000004
2.07225832000000
1.83271273200000
-1.26824523600000
1.87376181200000
3.42718933300000
0.416882358000005
-2.32507613900000
3.08784705500000
-1.02778748200000
0.174277442000000
0.942908313000004
1.09528889900000
2.34167516600000
2.96369075700000
2.72779809100000
-2.63183766100000
0.113536348999998
1.34916757100000
2.68447147900000
4.64969849700000
3.64170822999999
0.505126832000004
1.39957493400000
0.475001676000002
0.639594093000001
2.24310304500000
3.71391367500000
-1.36360436900000
1.06504583800000
-0.452765988999997
1.13838161400000
1.15551701100000
-0.489950232000002
2.92581159400000
1.26557853900000
0.577361718000001
3.30875396500000
3.52025570600000
4.02136128700000
0.779114511000003
0.898288351999996
-0.527750250999998
1.51848323900000
1.94151050000000
0.748790604999998
3.10458686600000
1.74457917500000
4.92063000800000
1.82326135900000
3.91856510000000
-0.416532808999991
3.92817409499999
-1.61362164800000
2.22062056400000
4.48758110900000
5.24508110200001
0.0906309239999938
4.77195076200000
0.0130298010000067
1.05597546200000
-0.780375921000001
2.14797892200000
1.61502719300000
3.03832456400000
1.85765732499999
1.02711229600000
1.08791294200000
0.498626314000001
-0.357305288999998
0.689332871999999
-0.133582775000002
2.10236031900001
1.47546009000000
-2.30581771700000
0.596282426999997
-0.488969900000005
-0.409042861999995
-0.787751261999997
6.07273063200000
1.45174597800000
-1.10329933800000
-0.863381738999995
-0.771468038000004
0.113024124000003
1.28198036300000
1.28382917500000
4.02865830800000
4.20536756300000
1.22331714700000
2.80779300900000
1.38643281200000
-0.592206469999998
1.39921076900000
-0.808575863000002
-1.96680097700000
1.29736882400000
3.70804195800000
2.03004124700000
-0.167381175000001
-0.909012406999999
2.58587836900000
-1.73754343200000
1.29325154600000
-0.234112193999998
1.71356772700000
-1.62896522100000
1.06778210100000
1.18459107500000
2.15137537200000
1.49658838100000
-2.73089764400000
2.70919422600000
-0.802158802000001
0.164929731000002
1.17635825800000
0.846288259999997
0.301993824000001
0.903637165000000
-0.417749068000000
-0.234290838999998
0.836648790999997
0.906381290000001
-0.397817577999998
0.458324034999999
1.04406157400000
-3.76454732700000
3.53121990600000
0.464669966000001
3.70878005500000
2.88162895200000
-0.00698449799999823
0.891869806999999
-0.169289724000002
1.31893340300000
0.807920025000001
0.965437194000000
3.61981823700000
-2.12193598500000
-2.64766606300000
1.57168753800000
2.49415711700000
1.99330270000000
-0.256995981000002
0.979851677000000
-0.154655289000001
4.52653241400000
-0.276126036000000
2.22854819800000
-1.22427073300000
0.721327430999999
2.51067945400000
-0.643267329000001
1.52511575600000
3.09713207800000
1.86969492400000
1.75677090200000
3.85882060300000
-1.64800098800000
-1.28487591500000
2.87741923400000
2.77046455700000
0.986574853000000
2.96091415500000
1.08984141600000
2.41524082100000
1.37746176700000
-0.862643585000001
1.29344761300000
0.0311985340000025
3.57687952600000
-4.01928639999987
-3.29823977000009
-3.28981923999990
-3.81948950000016
-6.51699480000000
-5.20978214999997
-3.59872380999992
-2.21917226999995
-4.97420929000001
-4.78822575000010
-0.912146799999878
-6.68224710000002
-1.31474833000004
-2.94233397000007
-3.36288692999999
-2.57698512999990
-1.23567014000014
-6.38741719999993
0.0554468499999903
-1.26257502000001
-2.05347607000001
-4.08373028999992
-3.42822366000006
0.758494770000032
-3.78964459000002
-2.83893819000002
-7.05671628000002
-2.20043056999999
-2.32522874000001
-2.95197738999998
0.129655589999992
-3.01336277999999
-0.0846958099999817
-0.738262050000026
-2.86115488999998
-2.93006354000000
-0.290209069999973
-1.02121190000005
-3.32983396000000
-2.59005875999998
3.23702180000003
-3.69160057000006
-3.71068748999992
-0.969243250000050
-0.844540119999966
-4.84768467999999
-1.83709566000005
-2.14010255999995
-0.0480847200000749
0.206690440000008
-4.59995323999998
0.210780500000004
3.23491479300000
-0.756573257999971
-0.815342493999999
-0.231803152000017
2.34686811900002
1.15375179900000
0.996571644999994
1.73824567899997
0.568489652000020
5.45618166100002
0.188753296999980
-1.65929963700000
1.16168618299999
3.33359278100002
1.71656547799997
3.05740911600001
-1.70936295399997
3.82381531899998
-0.303217031000015
-0.603440463999988
4.01320249399999
-0.153092359000004
1.56124953100001
-4.16147926899999
1.71704993900000
2.34614879000001
-1.77050497600001
4.44591291300000
4.96476869400000
1.51711780500000
1.03185554000000
2.65571539899999
1.54617209100000
2.47570113700001
3.45550011299999
4.84044125200001
1.39880949799999
3.76891499700001
3.12550555500001
4.92740639400000
0.202706377999985
1.53741964100001
4.00438859200000
-0.0264986900000004
3.89706639199999
2.35127319700001
8.81080454400000
5.36357775900000
-0.198319943000002
3.50394466800000
3.28172931500000
2.66624489700000
2.21860905700000
3.51807115900001
3.07888111100000
6.83084535200000
4.53888815000000
0.147577977000000
2.45005233600000
2.90527112500000
-1.01597428400000
1.83137093500000
2.07035035700000
3.51780328800000
0.0631118870000007
3.11821135300000
4.94721840500000
6.34593146700000
-1.59346652800000
4.69851976300000
3.87052722700000
4.35722595300000
0.0406844900000003
7.16183853600000
6.85919763100000
5.81631412600000
3.46094784600000
4.77702344699999
0.134065028000004
3.82134288200000
0.926530787999996
4.82359455100000
4.56863040100000
-0.737036040999999
8.76514931400000
2.59997469099999
5.43214554000001
4.00866738400000
2.80142375600000
5.13667136700000
7.70925358400000
2.70224561099999
4.57251568100000
6.50446382400000
5.17804285900000
2.88069103400000
4.21357310900000
0.351299380000004
4.48684514000000
1.99352115500000
3.43324823200000
4.28820342500001
2.78180218800000
1.54182617899999
2.12218181000000
3.39161022300000
2.85216237700000
1.42863883100000
3.17143506500000
6.37038391500000
2.81113485600001
4.48725176799999
1.25908955400000
4.78270373799999
7.20620448200001
5.56785428200000
3.08037538400001
3.78615528799999
4.72608344899999
4.41175190000000
5.15746607000002
7.17177189200000
3.22228478899999
2.94251062799999
5.89905133300000
5.88461916300001
4.78899085300001
1.88216167100000
3.51210363699999
5.53486412100001
2.16167399599999
2.72423091800001
8.46291172999999
5.07993330800001
6.05688987800000
3.44171505700000
5.84324917899999
3.58928583000001
3.60500100699999
7.20035848400000
3.96583645300000
3.91817964600000
3.08913557400002
4.50320559999998
3.91893670200000
5.56901998600001
1.88309238499999
4.63771162900000
3.98838140200001
6.70660970100000
3.86661464700000
4.95718465300000
2.45394631600000
2.66172927500001
8.55125657299999
3.87584103400000
4.74623065200001
2.48964313299999
5.73734794600000
4.32279530300002
7.90345624400000
5.57937680999999
1.71713476000001
3.69216608099999
2.92514645799999
1.29984692000002
5.18316409800000
4.44873973299999
4.87694862500000
4.59619831600001
2.18795713299999
6.16720471000001
2.13893332899998
2.33716632900002
1.99745998799999
3.33340621700001
2.90585136099999
4.35225517500001
5.15452386799999
6.89615424800002
5.73220297200000
0.768977573999990
4.09350330800000
5.74252812899999
2.52938003200002
4.38582407499999
3.24585555300001
5.36555089299999
3.78684484900001
6.40140791600000
2.87475322700000
7.78910557800000
6.79804778999999
3.31266466500001
0.891593909999997
6.25965582500001
3.66465722299999
3.20827391300000
6.50222513900002
9.39188655099999
1.78660294700000
4.54340196200000
5.16189850600000
5.39671701099998
7.45230402100001
7.84321253599999
5.01616605700001
3.21506045600000
2.05304315900000
6.78384144200000
5.94916297399999
7.24429596700000
7.55421605500001
3.69295401100000
6.23229436900001
4.25705833199999
6.92286683500000
5.30401151299999
3.93995440000002
5.19663009199999
2.88224074500001
1.16818840900000
5.00001574900000
3.62628449799999
4.10644462700001
2.10842382999999
4.93466173499999
7.21179365600001
7.99629983999999
6.38564707500000
3.30472637100001
9.07669257899999
1.92350953300002
2.31222842100000
4.04819553899999
2.83938808099999
5.70035870900000
4.45191509100002
0.499813135999995
6.92163960299999
1.87001261300000
3.02017982100000
7.36723230900001
3.77655004500000
3.22234262399999
0.899121702000003
5.98243024300001
3.46862960399999
3.88104841300000
1.18701808200001
6.23267510600001
7.83573420000000
2.65604517899999
6.80158641200001
2.18253081500000
2.18132542300000
3.95499930499998
2.30771252500000
5.01759449300002
6.09071959200000
5.03098132299999
8.28966659200000
7.97198483900000
6.88833039400000
3.14977550700000
4.04316195300000
5.41028828200000
2.73366720700001
4.68933304699999
6.38470896200000
1.50829662700000
1.32859056400001
2.59943370600000
7.99869693100001
4.58926253099999
2.78069376799999
3.60551426400002
6.31583471499999
4.77894908899999
2.34877833500001
3.27054555800000
4.84814945900000
3.51890906500000
-0.198699864999996
2.84898043100001
4.81454314399999
2.05930941700002
1.22628150600000
2.27788585100000
2.96004984099998
3.52674768600000
6.44873605400001
3.60043278099999
4.26691868399999
1.17572986500000
6.35174641500000
3.51620041400000
1.50646421500001
4.36336613099999
4.28762052200001
3.42028808099999
2.30734311200002
5.06313008300000
2.46999641899999
0.650184132000009
4.39439686200000
3.30362898500000
4.01051409100000
6.37053035000001
5.25646415400000
4.12867646800000
2.45969324099999
2.99531773300000
1.96775895299999
2.92673879600001
1.96571934500000
2.80031693100000
3.42182810400000
5.52923836399999
3.71460263500002
4.86002963900000
4.60932493000001
4.37137849399998
3.78742308200001
4.07391997800000
0.438651952000003
4.65615321800000
3.99061631499999
5.20081055000001
2.05579544100000
1.79630099399998
2.09322004600001
4.05399159199999
5.04233817500001
2.19618302100000
5.67954511300000
4.70797744300000
6.62511504900001
4.11459013000001
4.57659322499999
5.61302317900000
2.08023431600001
2.88279510800001
5.17346015699999
6.01833333000000
-0.373949821999997
2.66562883200000
3.90497376900001
4.60563491300000
4.81515331300000
4.00810354100001
0.434388355000004
5.03491030099999
3.64654389300001
2.81093396600000
2.95804021700000
-0.00393051000001377
4.51762590100000
3.96086110100000
-1.01181981400000
1.85177758800000
4.05150406200000
4.11832812100001
2.25497728100000
1.13175573999999
0.118640473999999
5.05669553300002
2.23783406400000
4.16473710299998
4.05481766600001
3.99262466200000
2.29239022500001
1.14445127299998
3.27354229700001
7.09635405700000
2.51168468000000
7.21850091900000
2.37130555300000
4.91859506900000
6.84065159600000
2.09367592100000
1.92802540599999
3.74995396500000
1.91555567499999
4.90325570499999
3.18022636300002
5.54739761200000
3.77976678599999
3.96778065600001
0.989673605999997
3.59248058000000
7.21883474300000
3.92499682700001
4.15314636699999
4.85277767100001
5.31047148999998
-0.198617012999986
3.20793141399999
1.78504983800001
2.61095305099998
2.57195918600002
3.03972427900000
3.78936821999998
4.43919822500000
5.97117839400001
3.39732071600000
0.381568950000001
2.99494699499999
7.32228213000001
1.92938094299999
-0.356316132000002
1.16690289300002
-1.40654692700000
3.35518872300001
1.21581234100000
2.12097880499999
-1.06186824800000
2.75252801800001
-0.339897957999998
5.32861258100000
4.50073237900000
4.11328862500001
5.07889203900000
3.68216405900001
1.89721634399999
1.70420482399999
2.09103558200001
-0.335246326999993
7.93954851999998
3.82623291300001
3.25095912899999
-1.02350794600000
4.29527105800000
2.65548445500001
3.10952770499999
5.30430158700001
1.56232412200000
-0.765238270999990
-0.541461955000009
4.38985199300001
9.64454222599999
2.64212934999999
2.39186466000001
7.91815961400001
5.08490314499999
4.88772726900001
2.00369768299999
-0.0520948859999959
4.50560338200001
0.859000858000000
6.34342348700001
3.17250692499999
4.27551292700001
2.74524146699999
0.278128397000002
3.85442634600000
0.972658514000004
3.35943378499999
2.43522385000001
0.299294128000003
3.24895395000000
5.43517282100000
-0.0116770250000000
0.536032149999995
2.08528610100000
3.44909223600000
3.54503236999999
4.64875826800001
5.18267536699999
3.30296876900002
3.47236503899998
2.49490034000001
4.79874874600000
3.47295487500001
4.81556175299999
2.30599719200000
0.630696156999993
0.0914989060000071
2.59695697200000
1.07472149900000
1.97460230799999
1.30652843500001
4.35859379999999
2.61415229600000
4.14664807000001
3.64589683900001
3.87620084399998
2.52508532800002
5.30936512199999
5.01222060700002
3.47218710799999
3.85328469100001
1.07552195300000
3.16402715799999
1.84528804800001
1.62162565000000
0.239068633999999
2.11760226800000
3.64514183600000
6.03184012499999
2.80833064700002
4.82607718300000
0.538332012999985
2.24769665000001
-0.820279714000011
2.82076623200000
3.01255153500000
2.03726467100002
2.90670093599999
-0.403741215000005
5.48522315300000
2.55582164600000
4.15424148500000
3.99556303100001
4.00468635800001
6.85042317099998
-1.08707725799999
0.505500568999993
5.57437764500000
1.76752368899999
5.02976795500002
3.35629441999998
3.60216141600001
6.57014558600000
2.35898392500000
4.31392309599998
4.49600501100001
2.74709924500000
8.02984426900000
2.96721141799999
1.91608412300000
1.60499961400001
5.25980670500001
1.73169916699998
-0.0767988079999951
3.52425986500000
-2.59416192199999
2.54626909299999
2.24111990800001
1.81135300899999
4.15127756899999
4.39009202600001
6.87135239400000
2.80826047799999
1.04018118800000
1.50789068500001
3.16571486999998
0.565754942000016
5.36777544299999
4.65482436399999
4.32869825000000
3.93383606600001
5.57004697000001
6.54539944599998
4.35151706100002
5.18112607200000
2.72507294900000
4.29734374199999
5.81504826000001
3.58871700599999
1.91974150400001
4.80021174000000
3.34464193500000
4.01999866800000
-0.426453889000011
3.82253006400002
-0.206542609000015
2.36021685400000
1.07724749400001
-1.90602639600001
2.18711795000001
3.02850424900001
4.27496866200000
2.42714230199999
-1.34731420900000
0.609411447999994
4.83968997300000
5.67054978500001
2.02594039700000
-0.231992415999992
3.87410767699999
1.89178787400000
2.28136399300000
3.98010793000001
6.30432910900000
3.95774261300000
2.49407840300000
4.91769877199999
1.34204485499999
-0.536878477999986
1.24664301699999
-1.83524860699999
2.00614636099999
1.98736916099999
2.82678229500001
4.12887647999999
6.89731270700001
0.742480610999993
-0.245070386000003
1.92843665900001
2.61337804499998
2.70486734200000
2.11822032700000
0.221357142999997
0.431162166000000
3.38631455700001
2.56919481800000
-1.12755139600001
1.87611504100001
-1.51953533499999
2.73458817100000
4.92535778199999
0.989615818000000
4.16154469800001
2.35368654200000
0.408456663999994
2.16594681900000
3.22884550099999
2.44170489700001
0.415699499000000
5.70238638899999
0.969392913999996
4.23395272100001
4.07068400700001
1.12806700199999
-0.0524660820000005
1.79593196999999
-0.651723256000004
-0.965120924999986
1.74918026399999
1.80410840400000
4.15945684500001
2.20044969100001
4.30595350299999
4.96494993999999
3.09524033200002
3.87691147399999
2.49157110400001
1.01896856699999
1.19552912399999
-0.0855750699999978
-0.340258761000003
4.18572622900002
2.82252110799999
4.29763139600000
0.185006118000009
0.327298843999984
2.52163178300000
3.13222679400001
4.13104678799999
0.697765285000014
3.85921618300000
-0.460452942999998
-0.598305437000013
0.226171545000009
0.181093491999996
1.25487183600000
4.24275593399998
-0.0666688689999953
-0.616633393999987
6.37042889800000
2.77989441800000
3.26742016499999
-0.349279353000000
4.52282071299999
3.77795762900000
3.26919777700000
0.613238703000010
0.342631803000008
1.75683458700000
0.285028975999991
3.29062890600001
0.935531294000001
4.11517514900000
0.0464188669999859
1.46505084300001
0.820806155000001
3.19273489900000
1.21267036700000
3.42157070200001
3.31590965299999
-0.319406910000006
3.66955661000000
1.88297106400000
3.75398379700001
5.12249740800000
1.14323490600001
-0.613758471000004
0.0377938069999952
4.66537682200001
3.03511843999998
3.31777474900000
1.59716073200001
1.30718749899999
4.74187262000001
4.48289879199999
0.691591799000005
-0.380912462999997
-0.549810854000009
1.05796424400002
1.09706889199998
-0.731863390999994
2.04028232100001
-0.936303390000005
3.36199900000000
0.647691290000008
3.86857830799999
2.57580337700000
3.76366217700001
1.95176238600001
1.65665496399999
1.34353837900001
0.0167770369999889
0.0756311080000061
3.03414001000001
2.13543442200000
0.347837048000000
-2.00793059100002
1.18573997400001
0.948277786999996
2.98914539099999
3.05990012300001
0.483674682999995
3.52045580599999
3.10825022700001
1.77089396900000
2.57037420700000
-0.0261022270000166
0.250414859000007
2.05051543900000
2.85041506600001
0.532560780999983
5.98691545900002
0.0146980059999908
1.62400448700000
0.914983953000002
5.14229159700001
2.71907161299998
1.47207760300000
1.18907798900001
3.38954635799999
0.537505612000005
1.85458819899999
1.80407477300001
-3.48843385399999
-0.256393541999995
4.02540275999998
0.279017736000001
-0.495638822000001
-2.77692342299999
1.11865623999999
2.58080640800002
3.56017025899999
2.89428376899999
2.49306185400002
-1.67650762700001
-0.593559405000009
3.46979375000000
-0.270380636999987
0.540857861000001
2.15605975000001
2.90716965500000
1.10925009500000
6.45793223999998
-2.81283501399999
2.90121395699999
1.59728284900000
0.308499262000012
2.22953366600000
3.08543347799998
2.30443203400002
1.82689600999998
3.65296177300002
0.442648248999987
3.62879091400001
1.00631191999999
2.37820944000001
2.81312000599999
-1.02383492700000
1.09401672300000
1.88324445600000
1.25243282999999
-0.372868847999983
5.21972381900000
2.70780632099999
0.0573304470000022
2.06828212000000
0.953895062999996
2.54092648400001
0.923590755000002
4.57639782000000
2.32818136000001
1.57167184099999
-0.820225017999989
-0.115441783999997
0.933244224000000
0.480146575999993
1.00888495499999
2.31524589200002
1.91377629399999
2.62778072800000
1.56035487699999
0.663787990000006
2.66914216600000
1.67922543400002
2.93815379600000
1.12894128099999
4.40240768400001
1.37362023699999
-2.08154081599999
4.16615822899998
0.522750414000011
2.31521235099999
1.71728433700001
1.85203548899999
3.25519336100001
3.30046094100000
3.14869251500001
1.24782437299999
1.27652605600001
0.550334317000000
2.23834984300001
1.64825010799999
1.23615830900000
2.30056450400000
0.463020846000008
2.61889521499999
0.0463865030000097
2.56598376599999
3.51368248600000
4.07400165300000
2.83588157700000
1.37926936900000
2.61696621900001
-0.438049318000003
0.701689303000000
4.26533268799999
3.57548307900001
-0.221780691000014
1.04134341600000
1.51301166600001
1.92795301400001
3.05655282900000
3.89485898800000
1.89854085999999
4.56045426900001
3.35201316900000
4.17062870999999
0.928988437999993
-0.227670021999983
-1.41146438100000
1.94887098299999
2.68787300800001
0.137718934999987
3.54996982600000
4.76504697900000
3.15122119100001
1.38013647399999
0.385860077000006
1.08559245900000
4.00034434900001
0.544481837999998
2.01147509599999
1.43421219500000
-0.603791592999986
3.62971629599999
1.71201265400000
-2.19240679799999
1.67786787800000
-0.392394346000007
3.12214259100001
1.64789559799999
0.749641054000008
0.385611867999996
0.371567860999995
-0.137063709999999
-0.212934407999991
-0.774963525999990
2.43671162599998
3.66127461200001
1.00182569800000
2.60668847699998
1.76399514900002
2.38324682399999
0.160008238000006
1.25412426700001
-2.97226000200001
1.66537235100001
0.601098996999991
1.42050413200001
0.416058124000002
1.80263798000000
2.73721391600000
1.70626386300000
3.02689257599998
3.50435113000001
2.39257657599999
1.16493311700000
5.15604291499999
4.05885779500002
-1.34380995300001
3.98458308599999
1.49127180400000
1.80814748700001
-2.73593606400000
1.95871788000000
0.842594769999996
3.74272784100000
1.89440374100000
5.37913094100001
1.83340018700000
-3.41268957500001
3.66851300200000
2.26024770500000
-0.650693360000004
4.85356313500001
5.42509573100000
-0.396204539000010
3.56226850000001
-0.198072299000003
-0.00118773000000538
1.01363673000001
2.13441251900000
2.43445789400000
-0.920743168000003
1.05281554200000
-0.864629023000006
3.19652562800000
3.63417882500001
0.710405655999993
3.07680476700000
1.15108355300000
0.558938808000003
-0.244867336999996
1.28539592500000
1.21568026699999
1.92394215300000
1.79843212300000
0.421886243999995
3.53689929600001
-1.88001444900001
2.44629591500000
2.34799129100000
1.68030966900000
2.53105804000000
3.86869710600000
0.713987059000000
3.49058000000000
3.02829780900000
2.10196262300000
2.06040568600000
3.14645433700000
6.00433524400000
-2.50005824100000
4.60881460000000
1.44305218100000
0.723072340000000
2.20236875900000
-2.27955630400000
3.84694355700000
2.93135993900000
1.10928773300000
-0.875608995000001
1.59313190400000
-0.465948417999999
-0.521709711999999
0.237216609999998
3.37628798700000
1.12878911800000
0.0611029790000019
3.51679327200000
3.06843491900000
1.37293204700000
0.747395341000001
1.46832583600000
1.71862679400000
3.56274591200000
3.35454490500000
2.22367024000000
-1.33036966200000
1.43938853500000
2.75462025600000
-0.128863384999997
2.23343191300000
-0.473660975999999
0.0884872859999990
0.248532096000002
4.70035185000000
-0.161722925000004
2.88838810300000
2.76077270800000
2.57705435700000
1.25628760600000
2.12424503700000
-0.201793167000003
3.46331058500000
1.47252176400000
3.75132162400000
-0.222634171999998
7.16323057700000
4.93867335400000
-1.32210491000000
2.65457284700000
-1.43063877000000
2.88737767100000
-1.00579805600000
1.56538085000000
1.79493535100000
1.02068278400000
3.04921713599999
-0.772765323000002
-0.995539759000000
0.433107603999999
1.14516085600001
5.72938942900000
3.05156320800000
-0.594864867000004
-1.53999553800000
-1.67922326000000
0.0517748499999953
-1.00500440799999
2.59077429100000
-1.98376456199999
0.586321709999998
5.08999816600000
1.72327153399999
0.820448434000006
-1.08561135700000
-0.694741454999999
2.90779267800000
2.27976083200000
3.86582309100000
1.52783578700000
-0.507399365999998
0.785773915999993
1.59961275200001
1.10069358900000
2.73024704300000
0.877233982000000
2.78580717299999
1.58424355000001
1.47683111100000
5.14082731000000
2.41406906000001
4.08956946600000
3.98114588900000
-0.935119184000001
-0.104633779999999
3.59678612100000
4.37908165900000
0.385161574999992
1.06823261000001
-1.25772405100000
-0.759162522000008
-1.15000079600000
-0.0643874459999991
4.83664397100001
-0.131241568000007
2.58495524400000
2.86773011300001
1.34503257800000
1.92385008400000
0.460533391999999
-1.18350850500000
1.99267141100000
0.592411671000004
2.69199069000000
-0.594346638000006
0.0598508150000112
-0.662140172000016
3.71491305600000
-1.56953611400000
0.902315782000000
1.24821986000002
1.72580283999998
1.41755476900002
3.97621337900000
0.339018498999998
2.57855571899999
-2.07313345600000
2.99126673800000
-0.642863963000000
1.73813124300000
2.76045383400002
0.692934759999995
5.08073883500000
2.22180649400000
0.741770202999996
1.09473824400000
4.77876246700002
-0.529687641000011
1.90541674200001
-1.56070852300001
-0.340446584000009
0.647359973999999
2.30226108600001
-0.478708608000010
-0.157000519999997
-1.47918467900000
1.70425757800000
2.33739556800001
1.13308570800000
-2.76537958200001
4.35099340600001
2.17058380799999
-2.67691849799999
0.702222795999988
2.41363376000001
1.56583618300000
4.40951926100001
1.30955451600000
2.56601236499999
-2.02640373700000
3.72639056000001
1.48346085699999
-1.68103076200000
0.414717171000002
1.38118781400000
1.49939105700001
2.49546158199999
0.526358264999997
-0.668908433999986
0.957693487999995
-1.75443197299999
3.79937872899999
2.08026482200001
2.00641849500000
-3.55510264900002
6.45912008600000
0.688620671000000
1.03283422200000
1.06084251800001
-1.28672336600000
1.73345915800000
1.93585749500000
-0.956114967999987
-0.925636625000013
-2.18186270799998
1.86578873000000
2.39273622100000
-0.246279993999998
0.870321752999986
-0.122684113999979
4.24987034599999
0.841607033000013
1.00360230099999
0.164694137000007
2.43392335300001
2.87750125699999
0.592474990999992
-1.47244748199999
0.0372322359999976
1.20760135499998
6.73603169600001
-2.91250935799999
1.72318792799999
0.139519583000000
5.00200620899999
0.146787487000000
4.32708863100000
-3.91115061000000
-0.402908425999989
-0.870113035000002
-0.428737322000000
0.0799376439999920
0.174943568000009
3.31979635399999
3.77176945100001
-1.03473422800001
4.76259501100002
0.577402005999982
2.67581271400001
0.0151633320000106
-0.254111899000010
1.01038111700001
-0.0395640710000049
0.933222677000005
3.82008552100000
4.10509830399999
0.230628657000006
2.59567267000000
0.640675893999995
5.15338260000000
4.88952464700001
2.53005419100000
-0.430738360999995
-0.863713439000007
0.968811581000002
-0.0598835919999987
-1.21497906399999
0.0328174989999943
-3.18403388899999
2.94321878899999
-0.0588682809999919
-3.37885847300001
1.97357780400000
0.734585045999998
2.96925390500002
3.14442854799999
1.54467029500000
-1.05381985700000
2.32262575200001
2.25375101399998
-1.00572584200000
0.794577964000015
-2.56698041100000
1.08212290199998
3.65045865600000
-1.24145137300000
1.08814055600000
2.83747363700001
-2.93526770500000
1.69708009400000
4.96809962099999
3.14216803400001
0.703117763000002
3.39440053600000
1.23053136600000
0.511418605999987
4.28138702599999
3.33055067500001
1.82084811500001
-0.238453223000001
1.49572594800000
1.79503783200000
-0.962635644000005
1.25384691500001
-3.35464714000000
4.28288937000000
2.23753944400000
-0.973604006999997
6.77546590900000
1.00939005600000
1.12224619300000
-0.374922062999999
3.17671632000000
0.280547049000008
1.94792228900000
0.0182945190000047
1.47711306499999
2.25807355300000
1.32170455900000
-1.39211099700000
2.20890216000000
-2.44386425400000
0.560754740000003
1.54389089700000
4.55750139999999
1.95427754000001
1.21663361099999
-2.50478315100000
1.18625750600000
1.69342986200000
2.89715088000000
2.01338178300000
1.25647167300001
2.93171738799999
-0.714045703000003
1.04727183900001
3.41801461699999
1.39004395100001
0.379704935999994
-0.104946547000002
1.96860765700000
-1.14251870800000
0.980014132000001
3.12838552200000
1.05324581400000
1.46796743999999
0.814929981000006
2.51779289900000
-3.15231019600001
0.953656442000003
-2.68807661300000
-0.0868539669999970
2.71844717400000
3.82473856700001
2.90793599600000
1.38440268900000
-3.58117609000000
3.96576710500000
3.03278369800000
0.783841214000007
0.426598199999999
0.222786428999993
-0.298663530000001
-1.40892002000000
-2.12676613599999
3.31846633100000
-2.39575877800000
1.19857134200000
-2.17922896200000
-1.78817320200000
-0.800106710000007
2.17651645500000
-0.565164749999999
0.477545791000002
4.07848847100000
-2.11208949099999
1.80344527600000
3.03962748300000
0.947236993000000
-1.02351032900000
3.13269635900000
0.845488421999997
2.24571593300000
2.48154780400000
-2.35413490899999
-2.45508997900001
0.496137326000006
1.97791810600000
-0.847153177000002
2.73986079500000
1.09849142700001
3.38354925600000
-0.544704635999999
2.28118968400000
-0.227388417000009
1.99951289500000
2.95183984900000
0.506966729000004
0.151031367999997
0.390330163999998
1.54409704400000
-3.24421534500000
-0.930726005999999
1.10342020800000
0.360887281999996
-1.41939792600000
0.450779819999998
-2.36206799200001
1.76746335000001
5.43067396400000
3.60166290399999
-0.00184145999999907
-1.23267533400000
0.932830219000001
3.02934118400000
2.61419094100000
1.56354639000000
1.92658157000000
1.38475527200000
0.906366103999990
-0.868027211999992
1.38407174600000
0.747904758999996
-0.433564888999995
-1.15603796800000
1.48238890700000
0.225025663999992
2.55474696800001
3.94265217300000
2.79518396999999
2.52296204200000
-1.37572290200000
1.87843847900000
0.426241349000007
1.67854577500000
1.92306911799999
-2.11704173599999
0.746189179999998
-0.419987739000003
0.428712061000003
-0.827763129000001
-0.392902807999998
-0.758069450000006
2.82466606800000
3.45773372100000
0.675053843000006
-4.13797968600000
-1.60288027300001
3.14418419000000
2.55618365300000
-1.12502848400000
-0.261017986000001
1.87068134900000
1.67673955400000
0.154096702999998
4.70208307800000
0.268984803999997
1.40650967200000
0.201597093999998
-0.543089714999997
0.973093798999999
3.53258870100000
-0.859181491000005
-0.914734681999993
2.12678107600000
-3.80593793000001
2.67976259600000
0.901245628000000
3.59204714600000
1.79927700000001
0.625051019999999
3.23051340900000
-1.01879915700000
-0.461272184999998
-3.42790992800000
-1.07587553200000
0.381035891000000
-2.39270670000000
-3.47600049800000
-2.27434760899999
1.29440808600000
-2.90045696600000
3.47218796700000
-0.564049523000009
2.33751727300001
1.04926991099999
2.34822635300000
1.22402083400000
0.151683559999999
0.790068429000005
2.62153519799999
-0.423622722999996
1.01496506300000
-0.848784072000000
2.98194394300000
2.74492805500000
-0.939121799000000
1.16530715700000
0.618356899999994
3.03100669500000
-0.376434710999999
-0.388500562999996
0.838679073999993
0.639887142000008
2.81707405400000
-0.985945446000007
1.44965437600000
3.44765590500000
2.72893613100000
2.20138566600000
-0.629057527000003
-0.678668852999996
3.71549634700001
1.92526519699999
2.08770807700000
1.54826394100001
0.121771947000002
1.28271419200000
2.70133693800000
0.599111141000003
-2.17076097100000
-2.52759103200000
4.76035461800001
-1.81099309000001
-2.76908270800000
0.565923495000002
0.219825404999997
-0.836878587999997
0.181499778999994
1.81320643000000
-0.758950761999993
-0.307616332000003
-0.659514685000003
3.66587188100000
0.355539396000000
0.280110196999999
-1.56039510000000
1.54290361400000
0.836841655000003
3.66781003299999
-0.843651867000000
0.869248642000006
4.24457708099999
3.96324395300001
1.39813502299999
4.23497814400000
1.36969841400000
4.74440688300000
1.62487068700000
-0.282194926999997
-1.09630575100001
-1.09980602300000
0.570480060000003
0.754033513999996
2.89392238900000
1.17736742300000
0.261320914999996
2.64380752900001
0.529467016999998
-1.13463514200000
3.09889018300000
-0.540549359000005
1.88755692200000
0.138587623999994
0.0149239200000089
-0.267177630000005
-0.323724311999997
0.575802123999998
-0.381292638000003
3.28244486900000
-0.775726104999989
-4.49237949000001
2.15866636000000
-2.75088182899999
0.801012335999993
1.35591461100001
-2.05739816300001
-1.82578990300000
2.05198151200000
4.22917522200000
0.678781829000000
-0.0553898449999913
0.966178514999995
2.26123765099999
-3.88986944999999
2.68600121700000
-0.434557364999998
0.0869116479999971
-0.221805874000007
1.83174336400001
-3.14781023900000
1.26275717100000
3.20786681900000
0.255938335000007
0.988263193999992
0.411968907000005
3.57333281800000
0.216790547000001
5.15219263900000
1.89136405199999
-2.56103077600000
1.58074245300000
2.34730677800000
3.94011799400001
-0.379703914000004
-1.84872513700000
4.14241095700000
2.05631561200001
-0.705142545000002
1.52812238200000
-1.55161413199999
1.83808811399999
1.81312685600000
4.49064961700000
-0.543965320000000
0.800967582999998
-0.609884548000003
-2.03889333800000
3.88069936200001
-1.60669805600001
2.09578649500001
1.83823033000000
2.36719756500000
-1.60496944500001
-0.559292443000000
2.06019704600000
0.612118815000004
1.65556846499999
-3.19269335399999
3.90538988300000
6.65813703500000
-1.49147722900000
1.42552387499999
0.318141922000004
3.37771027399999
0.523694510000000
0.0278708850000052
-1.66423857200000
3.20137924400001
0.113638823999994
-1.06158655999999
2.20254485800000
-1.21884310300001
-0.812866325999994
2.82121095599999
1.11964142700000
-2.64572781600000
1.92277145100000
2.57835220000000
0.596096763000004
2.23677022100000
3.14777840300000
-1.90248179999999
0.743980975999997
1.77497847600000
-2.23307853800000
2.81095638700000
-3.37051368500000
1.32613612799999
2.27281744700000
2.15221578200000
2.60412198900000
-1.73540861399999
5.09653925199999
-1.85022413499999
2.69381074500000
2.06384842200000
-0.820218021000003
2.59101752900000
3.31979058600000
3.34981368800000
4.15552343700000
1.83771210200000
0.971110624000001
-0.176712155000002
1.35571677700000
0.860889126000001
3.98372555200000
-0.611609743000003
-2.18090121600000
2.93819080900000
1.35068494300000
2.24658608200000
-1.18794003300000
0.123471489000001
2.65305458500000
-0.990620847999997
0.464847567000001
-0.763903893000000
1.62567548600000
-2.64652400300000
0.302372095000003
1.92826879000000
1.98608736200000
-0.0669596109999990
0.0730933000000005
4.15788431100000
-0.968703272000001
5.24140204200000
-0.454858975999999
1.33013947900000
0.366740868000000
-1.06666568500000
0.175367085999999
-0.870231057000000
3.57943928300000
1.23087976200000
0.642661507000001
2.62395023700000
3.63795200100000
-0.634231970000000
3.10198052100000
-0.546271349000001
-0.775830637000001
0.984694567000003
-0.698357913000004
3.09414510400000
-0.229257570999997
0.588683241999999
0.281657655000003
-2.72209501000000
-0.310793775999998
0.135214302000000
1.04091024000000
3.80976241400000
0.983613139000002
-0.0877644269999985
1.79545010200000
2.16491202900000
-0.844872011999999
1.00095140100000
-1.03072294100000
-0.401462746000001
1.98281513800000
0.815121940000002
2.26602467100000
0.937353468000000
-0.455966438000003
1.88624107900000
0.541726163000001
1.94650462000000
-3.07852214900000
1.83532247200000
2.10674686500000
2.36902657000000
0.521910214000001
4.93802224400000
2.68154573700000
-2.44602185000000
4.04886083900000
0.814452171000003
2.57360960500000
2.01845122400000
1.78298123500000
1.24222562900000
0.145946243000002
0.452221873000002
-1.66685657000000
0.618572510000004
-0.718220801000002
0.142137882999999
0.515509314000001
-0.265292540000002
0.0649295289999994
1.89533871100000
3.53511341600000
-1.22464662900000
-0.678853097999997
-1.92914388400000
4.70068131300000
-2.24716857600000
0.200864499000000
3.58795826100000
1.22962500600000
3.28639144200000
1.98752116500000
5.23258835300000
1.90952593800000
1.80890585100000
3.54307829600000
-0.173189220000001
0.654231652999999
2.66273061400000
-0.943658196000000
2.71722582400000
1.79131758100000
-0.743118623999999
-0.655504560000000
-1.45051382100000
2.21089418300000
-1.11674954600000
-0.278251636999998
-2.44102746700000
2.56066987400000
5.31272733600000
2.92207859200000
-1.11224038500000
3.00539055300000
-2.20642338300000
-0.490389950999999
1.83736015600000
2.74082414400000
3.09021733100000
2.74393271100000
0.661370112999999
3.90873810200000
2.90365929200000
3.25637769700000
-4.19099878700000
2.36790487800000
-1.57270727900000
1.02381288000000
0.971346402999999
1.29938032700000
1.04808962500000
1.67054619400000
-1.21942686000000
-1.09399125200000
0.369937839999998
0.760384004000000
0.118502976000000
-0.704495306000000
3.14378129500000
5.69785166900000
2.94169241900000
2.23475854900000
5.22669600700000
1.19440957400000
0.0274004750000006
2.44972632300000
-0.340898326000000
0.872892819000000
-0.288396454000000
-0.126710481999999
2.21698231700000
0.601184487000001
-0.222067106000001
1.18088739100000
1.91528726400000
-0.538407310000000
-1.38450819600000
-2.86118956400000
-3.66932154300000
-0.0772647989999988
4.76517657400000
3.35078867000000
1.30770143700000
2.90115766500000
2.36640016000000
1.23241994300000
-0.993592871000000
0.153580759000001
2.18384003600000
-0.256024615000000
0.999303855000000
2.41327245700000
-0.372722909000000
-0.158146323000000
-0.409941700000001
-1.95718734900000
-2.21030338400000
0.994197604000000
2.50701457200000
-1.20500750400000
2.35526790100000
3.64648092800000
1.03954871300000
2.86417535000000
0.0840585879999996
5.57038676500000
0.983996903999999
1.84958786000000
3.19390850500000
4.23485985800000
2.95041027100000
2.57227751600000
2.01771824300000
6.79407745800000
-0.388078426000000
0.601694669000000
-1.42443104500000
1.50774234200000
0.648168192000000
0.921337103000000
-1.18088602600000
3.26345573100000
2.41937869200000
-2.07199454300000
-0.927323048000000
0.456942773000001
-2.09777821000000
1.13069228200000
-0.218605108000000
3.41564237900000
3.76948420600000
-0.451320906000000
4.75429495700000
-0.386213070000000
1.19218781100000
4.67009858800000
2.32890540500000
-1.06507297500000
2.14497970700000
-0.862632827000000
-3.75604276300000
-0.447963401000000
3.82586754000000
0.586943907000000
-0.821200133000000
1.54501800200000
1.84474884000000
-1.37068885900000
-0.600653335000000
1.67052331200000
0.852258287000000
1.78672791800000
-0.593179185000000
1.18456138700000
2.52197641300000
2.25696109500000
-0.272137301999999
-0.387180500000000
2.34986373800000
4.58119833500000
0.862780163000001
3.24844114900000
-2.04114284200000
1.64952311800000
-0.533093389000000
1.19100959300000
-0.958945669999999
4.41203695700000
1.09891006500000
0.853517909000000
0.804276872000000
-0.0253008930000006
2.33137724900000
3.76484710900000
3.05986709100000
0.962147984000000
-0.153171920000000
2.84606439900000
2.21998472700000
1.91084120000000
-0.938912300000001
-0.898727048000000
-3.13132796600000
1.98372669100000
-0.128610315000000
4.54797954900000
2.52748314400000
2.34073726100000
-1.51065640400000
2.93431236100000
-3.27107848900000
3.21956638000000
1.79351352500000
3.51777267800000
-0.345046603000000
-0.483080777000000
-0.545248269000000
2.04822960100000
0.596450504000000
0.319514086000000
3.05259007500000
2.94343954400000
-1.49343768400000
0.0200846090000001
3.34425732800000
4.89914644300000
0.238619251000001
1.65869336700000
-0.270800333000000
-1.34893717700000
0.231473425000000
0.244867616000000
4.93238785600000
2.84294847200000
-2.10876721900000
0.789473265000000
3.03746770400000
3.25784617100000
-0.999920447000000
-1.20930333800000
2.96300338600000
1.46465676800000
0.389136126999999
1.42613366100000
-0.827286942000000
1.25070270000000
-1.29896751600000
1.95713111900000
2.87217411800000
4.50627035700000
2.20739976100000
-0.461679138000000
-1.00222025800000
-0.939048691000000
-1.30235409900000
5.85460821000000
-1.10387418700000
0.513203607999999
1.83491886000000
2.52664967800000
2.98918043000000
-0.609447466000000
0.740154682000000
-0.286552089000000
4.00019621700000
2.04379845800000
-1.06090295000000
0.941062236000001
2.92300255100000
2.43702017400000
0.742391684999999
-1.77073327200000
2.82234214500000
2.76599718100000
-1.13096834300000
2.34405749600000
1.40324966100000
1.20799722700000
2.78094972000000
5.63657580000005
0.715776862999948
1.35967370299997
2.02553822200008
4.13334875699994
3.33165924900002
0.388575084000022
0.166928909999936
3.63132580200001
5.81144172800003
5.10211710800001
-1.82653157099999
0.0355912769999787
4.68362090500001
2.23246268599999
2.63129366799996
3.15544957700002
3.79540196100005
-0.241438703000004
0.559416448999949
-0.105497246000011
2.77112813000007
5.50280429999998
3.31006164099999
0.911219886000016
2.49055492199999
3.65427774300001
2.93496089000001
8.37755423899996
3.91845420799999
-2.07109962500000
1.82200508900002
2.55965516699995
0.958911950000029
1.76665953899998
-0.760821172999927
4.91289947199997
2.12130450400002
-0.653611401000064
2.17925586400003
1.20440488200005
3.82978561499997
1.53858587699997
0.662740039000018
6.30500501299996
2.82677593200006
0.0256711969999621
1.44640051499999
4.07475069600008
5.04537918800000
3.69176991299993
0.949003511000002
3.26655656100006
4.06126526199997
4.60657471399995
4.77342296200006
3.29680054799998
1.48333592300000
-0.160066302999990
0.957437324999987
4.27302118800004
0.236208656999968
0.588387861000007
0.344864485000024
3.06090573499998
4.44576737099995
2.42677085100001
2.62830393699999
0.694984080000041
3.37564039100000
2.94859824199999
0.0132127270000471
-1.79279546100004
1.43128574900000
0.184676664999992
-0.00130959500002525
4.76355089800000
-2.42832536999998
0.250449399000026
4.87074516799998
2.74945174499998
0.962924910999982
-1.29506126399996
5.27540924899999
-3.49595494999995
0.907401292999997
0.617029882999970
1.20034369300001
-0.687755544999999
-0.289762604000014
3.48651467900001
1.39822893599999
0.693326421000006
0.734067073000002
3.76043722099999
1.66806156499999
6.27934103800001
-0.525286719000018
-0.967717766000010
2.35276322900000
1.99356082800002
-0.826567830999986
-1.36838453400001
3.01985351399997
4.64362884500004
4.42710730999996
-0.810998253999989
-0.179029283999997
1.04646369799999
2.45801723600000
2.57423212400001
3.97616133399998
1.86695591200004
2.75545966600000
1.41060352699997
4.53240827000002
-0.806904688999990
1.22842146799998
3.00810049900002
-1.65801053599999
3.79054204000000
1.68943833199997
1.55844647100000
0.350240010999999
1.54892287400000
2.28462271100002
3.87926544299998
2.50361265600004
-2.37469406300003
2.39298007400002
3.74348066900000
2.91519466999999
-0.803031751999999
-1.50917213300002
2.12957289400003
0.708720553999963
-0.813203219999993
1.77628872800000
0.0223525830000035
0.742882650999992
-3.30758097599997
2.51089781300000
-0.0524134980000133
0.348298958999997
3.92155749300001
0.465844773000001
1.12007593700001
0.815748464000000
3.64084118699998
2.94512333800000
-0.0283503569999928
2.00945821600001
0.449743752999995
-0.438586849000004
3.09242056699999
1.48168986400001
0.991081862999997
-1.44839986100000
2.10405062099999
0.426320523999999
3.67375074499999
1.10781849000000
1.54544895700001
0.678994226999994
1.64171048300000
4.48741376300000
1.55058298000001
0.261477057999996
-2.32028644300001
1.28302730300002
3.60138139099998
0.124204455000006
-0.461702802999995
-0.567290541000014
-0.249881251999981
3.68244777399999
1.94555399000000
3.13516853600001
2.53741505900000
2.32540213900000
-0.0539409250000062
2.38413451000000
-1.33884411300000
-1.73358805800000
3.69983867000001
0.593331882999997
-3.68716874200000
1.81887547000000
0.322686909999999
0.278221248999998
1.66415106600000
0.811014161000005
0.162803482999997
4.18999517500000
-1.22498773800001
2.45580022800000
3.52408280899999
0.962886025000002
-0.0405466299999979
2.18325634900000
4.20934806700000
-0.259590708000000
-2.09083743800000
2.47897206500000
1.64592646500000
1.80254664600000
5.29627216600000
-0.172355032000000
-0.347988484999997
-0.356847963000001
0.00756405799999893
-1.05231673400000
1.13789265600000
2.21816489700000
-0.849847041999998
-0.259289416000001
2.40991473600000
-0.477858120000001
-0.771309842999999
-0.265804570000000
3.42682398500000
0.559008954000000
-1.18844083600000
0.546445208999999
-2.40370428500000
3.36771371700000
4.10813593000000
-0.0985428030000004
1.61523583000000
4.58427927300000
3.50340211800000
0.974232242999999
1.05285887800000
0.436090889000003
1.78803535700000
3.12636610000000
-0.226197733000000
0.956360972000000
-1.92091106900000
-0.535129947999999
5.71974704300000
5.05049969300000
3.85152420400000
2.35726328000000
1.99135519100000
1.04845816700000
-2.21221976000000
-0.991223205000002
1.05535128300000
5.56574132100000
0.848157126000000
3.45114882600001
0.912103216999997
1.91482854300000
0.654989851999997
-0.298660368999998
-1.12920836200000
3.06712824000000
0.687053770999999
3.81809964500000
5.07098707700000
-2.00887435800000
1.83583091900000
0.0126803080000020
3.47027853500000
1.12361718300000
-1.47578582400000
4.40750576800000
1.76839423100000
-1.71777601400000
-0.512884068999996
1.86126986800000
0.544075338000004
1.81781995700000
4.09112582000000
1.73456709500000
0.591929833000003
1.72076988199999
6.18587141300000
2.79734739600000
-1.23486785200000
1.04882472700000
3.22951448300000
1.29333666900000
1.06612363300000
1.81985158900001
-1.40419378300000
-0.540295033000004
3.93237673899999
1.62204340900000
2.16561512400000
-0.666421158000000
1.54607018600001
0.586486270999993
3.49140546700000
1.70232178600000
0.0483204040000009
1.85257078900000
4.37515085500001
0.185124658999993
1.91407269300001
0.0998734740000011
1.03127907200000
4.02731204600000
0.976143068999996
0.165240451000004
1.90479544399999
-0.115450733999995
1.92565209500000
2.32853298700000
0.518290976999994
2.65346447500000
3.59729248800000
3.28631566100000
-0.607115516999999
0.492552719000002
1.64110585899999
3.50741559900000
-1.04813142300000
0.706657350999998
-2.79544793900000
0.919253877999997
3.12897098000000
2.58758923300000
1.92245938800001
3.95206259400000
4.12863749600000
4.14050252200000
-1.89563018500000
2.42208464800000
-0.292596416999996
0.895484247000003
2.23856465900000
-0.560677641000005
1.11464082000000
0.281260646999993
5.67424249300000
0.421969136000004
2.20682538200000
5.08965253500000
3.28570756100000
7.43381963399999
4.46029919800000
5.02982437700000
1.78108105700000
6.57967978100000
2.35670848600000
4.96594466100000
-2.28132281900000
-1.25413815799999
2.20230372000000
2.06527285000000
3.38162356500000
1.96965281900001
0.874074584000000
0.0332279369999999
4.16650072999999
2.68341607800000
1.49039966100001
2.56520682900000
3.86464494600000
2.33354837800000
1.21677585300000
-0.276289502000004
-0.611596336999993
4.95642229800000
5.63684786500000
2.59220398700000
5.21377832500000
1.27483104700000
2.20071868299999
2.50336063400001
-0.632746091000006
-0.179153539000001
0.925858712000005
-0.769351081000005
0.459123566000005
-1.43340098200000
-0.262154529000008
2.48674732000001
5.33178452700000
2.18290055200000
0.737797223999994
1.31378708900000
-0.667001387000004
-1.80740320400000
0.968756980000004
4.64617157600000
0.840642248000002
3.48006311500000
0.863476806000001
1.51384919100000
2.27278944300000
4.49834739900000
5.42662949400001
2.86278954000000
0.846981880999997
0.397374441999999
4.68201454000000
-3.15420339600000
5.51750543900000
2.35983033600001
2.06543418399999
-2.30988168300000
2.52489427700000
2.05499354700000
4.24573267700000
1.54536948200001
2.58833379699999
0.528982220000000
1.95296195900000
3.02816698800001
3.41173001100000
3.84722578499999
0.488906340000009
1.44000448700000
0.889768524999999
-0.110645480000005
4.22122020100001
0.157511921999996
3.62341106200000
1.91545433900000
-2.34593981800000
1.70789168200000
0.547724258999999
3.21753759200000
-0.398424227999995
-1.09836985500000
1.87857990400000
0.316629669000002
0.195930231999994
2.08539763200000
1.78566212899999
1.56859132800001
-0.0961916130000000
1.02402849700000
2.17813266900000
0.0104177290000016
-0.554437855999997
0.426298732999995
3.62837180200001
-0.161000260000009
-0.615488372999991
2.09173363000000
-0.287039381000003
1.17662610199999
1.46337794400001
0.420658969000001
1.26599578700000
0.294065343999997
2.92405781300001
1.14838998999999
2.06503140300001
0.125668257999996
-1.12455514300000
-0.259618401999998
-0.297021659000008
-0.0285572379999943
5.57750374000000
1.15691971100000
1.22549036000000
2.56767037400000
1.49892289100001
2.47479350000000
-2.09168592300000
-1.22863018000000
2.49333124700001
2.32349340500000
0.0563363629999984
-0.839407085000009
-1.41720212499999
2.82425623100000
1.23338889100000
-0.323881293000002
-0.325090460000008
-0.0964431409999942
-2.83606351799999
-2.40935150300001
0.480743357000006
-1.12579882300000
4.27843504499999
1.84286841400000
-1.39970580900000
1.67360913800000
4.56643590799999
1.51682327000001
0.926385858000000
4.81466616900000
1.08373016600000
1.37626828399999
2.16314524400000
0.189245215000013
0.295749345999997
2.27901917899999
-1.95934541400000
2.09427623199999
5.11412647800001
-0.109103621000001
2.24717120300000
4.54583004699999
0.259567622000004
1.30709668300000
0.650768223999998
3.34608921699999
-0.919100325999997
4.08487775200000
5.72148092300000
-1.55656276100000
2.32213476800000
1.22034444199999
1.18801372000000
0.308965242000002
2.48339395800001
-2.12401134800001
4.08932662000001
2.81846824100000
2.58870310900000
2.73153414700000
0.745220305000006
0.753471801000002
1.59821159500000
-0.637830229000000
-3.20356740600000
2.55731861700001
2.71947251599999
0.515637603000007
-1.02521605000001
-0.0991342519999927
-0.561513116999994
1.85929299399999
0.608445646000001
0.296489193999993
0.142455657000014
-0.106778522000019
-0.0187313669999891
2.12360119800000
2.29608335600000
1.44955736999999
0.587734717000018
3.98294168699999
-1.11080958800000
1.11290709400000
4.33604597200000
2.64972623899999
1.45050686600001
1.99413652099999
1.85181506800000
-4.07791113200000
1.54950702800000
2.28855051200000
-0.574062436999995
1.89757411200000
0.285281122999999
5.05073543800000
1.96405389000000
1.04560788300000
-3.07216819200000
-0.105395784000002
1.58122909200001
-4.34529524200001
3.90823711400000
0.700082178000003
3.65155889900000
4.23604926300000
3.28135909600001
1.83795174700000
-1.33844594900000
3.27298737200000
2.47051660100000
2.94496448500000
0.101384471999991
-0.832799021999994
0.719978576999996
0.0209299250000020
1.72453320900000
0.594110307000002
-1.38027954500000
-1.16158711700000
-1.50895057300001
-0.717449100999997
2.47030085600000
4.92001033600000
3.11068790600000
-1.56421681500000
0.682478689000003
-1.11107924700000
1.38985850600000
3.35650095599999
2.17246703400000
4.09473847700000
2.48194466300000
2.02395731100000
2.74891728199999
-1.85969561800000
0.882665222000000
-1.41258739299999
0.836258450999998
-0.852893744000005
0.565282386000004
3.53197839100000
4.29159990799999
0.598230442000002
-0.156798839000002
3.37444369100000
-0.139816486000002
4.03494604500000
2.68982972700001
4.99025167199999
1.01823331100000
2.24309277500000
-0.484953819000001
0.988908923999995
2.69717560500000
-0.341231410999990
1.31857131099999
-0.577149778999994
1.58779951800000
-1.31947230400000
2.58686497799999
1.01760063800001
2.31820235399999
0.537263826999996
1.28088339300000
1.26812391900001
3.41234407100000
1.46075408800000
-0.194741295000008
0.210019442000005
0.402312370999994
-2.15653791400000
-0.294605628999995
1.60831848099999
-0.284402087999993
0.677225111999992
2.17145077100001
1.32633161699999
1.75168221100000
1.02482507400001
0.960995448999999
2.19016235300000
1.88853369000000
1.81150726400000
1.94848243300000
-0.00103923700000119
1.81464050600001
-4.53582389900000
2.70900345000000
4.57718552400000
1.55585833200000
1.50285209500000
1.16697840900000
-0.984058637000009
3.00553347100000
-1.08140766900000
0.0464430310000042
2.33748576500001
0.514921448999990
-0.242460761999995
0.222374293000004
1.75336856699999
2.21629487000000
-0.485342797999994
2.64254295000000
1.97020450500000
1.86454702800000
2.22173013100000
2.40204657199999
-0.535690862999995
6.16695569200000
2.05139806599999
0.0104379280000075
2.65349768100000
2.83259380399999
-3.14121237999999
-0.851593309999999
2.01586771299999
1.17613073900000
-1.71824695000000
0.869194332999996
2.48915275800001
0.186730350000000
3.57475234899999
3.23988066700001
-1.78488853800000
2.91986398400000
3.39584558100000
-0.166354004999999
1.73396359399999
3.67149649100001
2.91197297900000
3.21209391600000
-2.52617857000000
0.471870050000000
-0.438196235999993
-2.10906305200001
-0.841492420000003
1.59651726000001
-0.387336466000001
2.16425476300000
-1.26369516700000
-0.380164768000008
1.22754356700001
1.38857182000000
2.02285175800000
0.868971562999993
1.52587721800001
1.75665872300000
3.69720148100000
1.41396250200000
0.493843402999996
0.400543078000009
0.543636302999997
0.0202633070000021
-1.78272201500001
0.972240108000003
-2.79346336300001
-4.08151134499999
7.10966185499999
4.43194515700000
-1.33521151500000
2.87591089000000
1.27895391200001
2.36046614600000
5.21720876100000
-0.700967782999999
0.412788979000008
-0.589696646000005
2.92924786800000
1.47413189800000
-0.692921185000006
0.458621140999999
2.00656383100000
1.41290049900000
-1.93666509800000
3.51105392500000
2.30821463100000
3.60386407800001
0.722257498000000
1.01734869599999
0.399528047000005
2.00194225800000
0.592385211999991
-0.706063752999994
0.539200703999997
-1.40804927400000
1.11031481400000
1.97998789700000
2.28296678600000
3.60005753700000
3.81711831200000
0.820905376000000
2.44872955600000
3.24985726600000
1.62340549200001
2.52681906299999
1.14328070300001
4.54996177800000
1.36950887400000
0.521936924000001
6.77962565300000
-0.589250057999996
1.38529327100000
-0.273986195000001
1.15585348600000
0.233102170000002
1.15539028500000
1.14176314700000
1.74573090300000
0.800251196000004
-0.845592151000002
1.40498551100000
-1.81994391600001
2.04560065500000
3.68495923600000
3.23333441300000
0.345172497000003
-1.45419143400000
-4.29972407200000
-1.17274881400000
-1.34030295200001
1.26317320600001
3.99722413000000
3.58030200500000
2.22468062499999
2.53616797000000
1.69793836000000
-0.462941231000003
-3.55195488900000
0.333390469000001
0.0729091769999997
1.58782571200000
-0.585528557999995
2.17317099899999
1.40395252100000
3.39335340700001
0.175082663999997
-1.55342703700000
-0.114067780000007
-0.496866240000000
0.844084166000002
-1.30575509800000
1.64341525400000
3.01729571900000
1.39586849300000
0.291611092000001
0.554546408999999
1.72216465200000
1.53329555099999
-0.425167533999995
0.756534824000003
0.949640428999993
0.0898543660000030
-0.208605719999998
-1.80552515400000
4.35466686600000
2.81538757000000
1.22721011300000
1.69636787500000
0.00716477500000257
0.183193895000003
1.41192747900000
0.744628793999999
-0.0876989570000055
1.73999958400000
1.22550514200001
4.04682084000000
-1.62660415400001
-1.84739568400000
2.02683753700000
1.70139021000000
0.642293439999998
3.80016837100000
-1.06852828400000
0.868849672000003
4.04025425100000
3.87152288699999
2.64934974300000
2.74809475000000
3.10015084400000
1.94583230400000
5.19387830800000
1.00008290800000
4.82420405900000
2.31523378600000
-1.30203805300000
-2.30944736000000
4.18631182100000
-3.87891411500000
2.07704368600000
2.74150495100000
-1.00873571000000
2.98112728600000
4.65341687900000
1.24054128400000
2.35035358100000
-2.86780756500000
1.97544371800000
0.305907686000000
-0.379596405000002
-2.95387823800001
0.754961918000007
0.654072858999999
2.72431474100000
2.47176811900000
3.16346364700000
0.426846281000000
1.43659723100000
2.12657817100000
4.11845174800000
-0.294405111000000
1.68883863300000
-1.23883920200000
0.504075183999998
2.50271231000000
1.22654661600000
-0.523816175000001
-0.0921499100000016
3.80600914800000
-0.533869164000000
2.39311823500000
6.30126963000000
0.310227532000001
-1.74205180500000
-1.81640518100000
1.83332365200000
0.827724316999998
2.29856471100000
-2.01235183600001
-1.87425618500000
-0.393426919000001
1.48915027300001
0.419723110999995
-0.255162565000002
2.81974037900001
0.487476178000000
-1.31402336500000
-0.762251761000002
0.328425649999996
-0.235011097999999
0.473574382000006
3.10793887900000
3.08269674599999
2.73534156800001
-0.0736346909999994
1.07215295700000
-1.09741194500000
1.28954330800000
0.0648202929999995
1.17744728300000
-0.876315618999999
1.68789831000000
4.30795068300000
5.39274726300000
3.73696885000000
-1.05948018500000
3.54045700300000
-2.70957088799999
0.598433311999996
-0.283999704000000
3.15513989000000
3.04167750000001
1.11786838199999
4.27933203700001
0.339395148000001
3.18610513999999
0.148152346000004
-1.03734689400000
2.54226153500000
3.20196153000000
1.44357379400000
1.44963588500000
-0.830806257000002
2.32295119100001
-1.77236470000000
-0.252235833000003
1.68745326600000
3.39682863500000
1.90604336099999
0.879041446000002
1.03976459400000
0.916983821000000
0.210793609000009
-0.461671853000010
-1.55921655399999
-0.189966124000003
2.49447649199999
0.588169747000008
1.45853213200000
3.90233246199999
4.00214487600001
0.453305645999996
1.46049366900000
2.58891810300000
0.680393852000000
0.760260211000005
-1.19845905500000
1.00761387799999
0.197117868000002
3.72504387400000
-1.21144330699999
5.07225526300000
2.46172617800001
0.594095375000000
2.91581104500000
0.576902800000002
4.88792872900000
-0.466890953000001
1.51181572000000
2.24790654900000
0.292370357999999
-0.0761127429999959
1.30299417800000
2.66592688900000
-2.00206912200000
2.75116897700000
-0.520220564000001
2.63187476300000
0.120593096000002
5.44186671300000
-1.41635981400000
-3.04130498600000
-4.31743723400001
0.881260757000002
0.532392794999999
1.31430506600001
3.92564450400000
1.23064758600000
2.44214505700000
5.13633169900000
5.87396367500000
-1.66889501000000
-2.57963458200000
0.487782346000004
-1.07871967200000
3.73616892600000
-1.37394166600000
3.27503894500001
-2.39786621000000
2.70231990900000